-0.22986 -0.00369 0.03216 0.26957 0.44677 -0.32096 -0.27429 0.43683 -0.05656 -0.18793
-0.24358 0.46048 0.08274 0.36415 -0.29190 -0.23868 -0.32309 0.29480 -0.19687 0.04355
-0.32602 -0.33390 0.15429 -0.25149 0.54497 0.35726 -0.02105 0.09957 -0.21667 0.16983
-0.40214 -0.34543 0.36702 0.36256 -0.10374 0.18635 0.32574 -0.35203 0.02429 -0.00816
0.51499 -0.11066 0.04856 -0.21936 0.41062 -0.35136 -0.17485 -0.09364 0.49113 -0.42450
-0.25218 -0.07437 0.05717 0.01903 0.27769 0.35973 -0.15872 -0.38322 0.41643 -0.16355
-0.20414 0.18203 -0.21788 -0.12966 0.15089 -0.44606 -0.02211 0.52294 0.36018 -0.41720
0.27847 -0.01490 0.20150 -0.07015 -0.22862 -0.44688 0.26493 0.00213 0.00448 0.08297
0.15985 0.09523 -0.02351 0.29355 -0.30663 -0.39723 0.20128 -0.15596 -0.24597 0.35761
-0.27348 -0.00415 0.49365 0.38490 0.42321 -0.05532 -0.25596 -0.27446 -0.41733 0.14393
0.35204 -0.28043 0.02842 0.49753 -0.15898 -0.10338 0.34905 -0.27172 -0.43006 -0.08697
0.24506 -0.34741 0.55869 0.16210 -0.10089 -0.34853 -0.15238 -0.28969 0.42801 -0.05974
-0.34798 -0.00511 0.07027 0.15801 0.26949 -0.22830 -0.40109 -0.03650 0.22338 0.42677
-0.13163 -0.15979 0.30796 0.12450 -0.12966 0.40177 -0.25256 0.00538 -0.30420 0.15165
-0.15675 0.42912 0.32664 -0.10410 -0.12419 0.03780 -0.30130 0.08668 -0.44771 0.53642
0.08016 0.21805 0.25499 -0.41957 0.07822 0.04543 0.03735 0.31159 -0.12808 -0.25520
-0.16389 0.47030 0.28112 -0.17967 0.10154 -0.10746 -0.32321 -0.25101 -0.07564 0.24440
0.46343 -0.33844 -0.30741 -0.01316 0.33477 -0.17739 -0.08649 0.43214 0.08515 -0.09144
-0.36754 0.13357 0.52243 0.31310 0.22516 0.12957 -0.36100 -0.21454 -0.03830 -0.05310
-0.46055 0.17197 0.17026 -0.66678 0.04859 0.11450 -0.00184 0.27728 0.25851 0.27681
-0.00418 -0.24274 -0.07820 -0.27212 -0.14933 0.30322 0.10721 0.23343 -0.06028 0.16735
0.05063 0.07778 -0.04720 -0.09637 -0.13445 0.03590 -0.19633 0.31258 -0.16933 0.28086
-0.00464 -0.10847 -0.00967 -0.12146 0.13258 0.32652 -0.12767 0.29577 -0.17318 -0.20862
-0.25537 -0.02022 -0.18145 -0.18241 0.38482 0.63385 -0.26083 -0.09565 0.51338 -0.26051
-0.33747 -0.30307 0.16919 0.14671 -0.27313 0.17395 0.33400 -0.12933 -0.28349 0.31763
0.01987 0.07717 0.00242 0.45170 0.22432 -0.10169 -0.12958 -0.23625 -0.22011 -0.20042
0.33157 -0.40107 -0.26763 -0.07613 0.29954 -0.17035 0.19821 0.26697 -0.58521 0.21539
0.45250 -0.28693 0.01558 -0.41138 -0.26903 0.26466 -0.32798 0.40742 0.04036 0.06889
0.47516 -0.44734 0.36679 0.01436 -0.17558 -0.03785 -0.12567 0.41827 -0.31506 -0.04486
-0.42323 0.50153 0.00362 -0.22748 0.23931 0.17392 -0.13135 0.02519 -0.43762 0.16187
0.13818 0.30426 0.10484 0.01790 0.35729 -0.10943 -0.36189 -0.39352 -0.07690 0.14514
0.35999 -0.05493 -0.12111 0.40376 -0.18480 -0.44883 0.11413 -0.17118 0.28891 -0.42414
-0.45983 0.24076 0.29435 0.31907 -0.03331 -0.40273 -0.35306 -0.13328 -0.10623 0.35778
0.43806 0.04986 -0.18884 0.32995 -0.00033 0.13543 -0.31902 -0.22728 0.10735 -0.05388
0.22939 0.27874 0.57594 -0.24454 0.24485 0.34259 0.04781 -0.38447 -0.36429 -0.23099
0.17395 -0.38382 -0.36701 0.22097 0.46820 -0.35412 -0.10735 0.43627 -0.47230 0.18145
0.26086 0.14473 -0.54247 -0.42820 0.31627 0.31143 -0.26130 -0.04136 0.12347 -0.03231
-0.11786 0.41093 0.37728 0.19345 -0.35070 -0.12251 -0.09906 0.12189 0.01313 -0.07214
0.19712 0.30136 -0.25057 0.05232 0.23615 -0.29604 -0.25433 0.17854 0.02125 0.04522
0.31130 0.16347 -0.20698 0.32127 -0.41000 0.22067 -0.17873 -0.05817 0.30985 -0.33656
-0.03506 0.47743 -0.14146 -0.01500 0.04219 -0.29929 0.03038 0.00696 -0.20180 -0.03951
-0.26932 0.14476 0.32900 0.33166 0.02721 -0.12592 0.17755 -0.40609 -0.24272 0.10644
-0.21070 0.02376 0.40201 0.09196 -0.14786 0.29800 0.04882 -0.20869 -0.34354 0.02584
-0.22174 0.00028 -0.41489 0.47511 0.10357 0.11564 -0.03903 -0.05269 -0.10614 0.48510
0.07015 0.20447 -0.13039 0.25936 -0.13873 -0.05294 0.14604 -0.38093 0.35944 -0.55020
0.15907 -0.41366 0.01716 0.44464 0.26986 -0.43850 -0.07014 -0.47267 0.11557 0.13110
0.00950 -0.07026 0.25293 0.06668 -0.22539 -0.33006 -0.22697 0.08287 0.50019 0.08302
0.61560 -0.03959 -0.29733 -0.09103 -0.11220 -0.17517 -0.21219 0.51515 -0.23444 0.28082
-0.40910 -0.27298 -0.14413 0.03953 -0.19478 -0.35274 0.51902 0.33322 0.49521 0.14642
-0.08562 0.10405 0.29827 0.15516 0.02452 -0.22369 -0.28603 0.39897 0.05872 -0.31319
0.43738 -0.07341 0.33678 -0.25759 -0.32588 0.24580 -0.18384 0.15647 -0.28540 -0.06012
-0.33907 0.46463 -0.22198 -0.20973 -0.03262 0.26001 -0.08911 0.46220 -0.43470 -0.21280
0.24465 -0.35705 -0.41788 -0.35869 0.39095 0.11874 0.32057 0.31936 -0.31093 -0.22134
-0.28741 -0.03794 -0.20770 0.06572 0.07548 0.36929 -0.37861 0.31701 0.40227 -0.33696
-0.10229 -0.05987 -0.15810 -0.36977 0.17176 0.34081 -0.33322 0.44243 0.30923 -0.05827
-0.23999 0.13814 0.03533 -0.34708 0.19111 -0.12677 0.20732 0.22387 -0.42672 0.21375
0.34611 -0.30742 -0.12179 -0.41117 0.06063 0.08420 0.25336 -0.40344 0.44107 -0.07834
-0.34037 -0.39288 0.08417 0.38252 0.40123 -0.41679 0.16329 -0.23854 0.02572 0.19329
0.06051 -0.24070 -0.29565 0.03405 0.07669 -0.23910 0.54482 -0.00654 -0.05531 -0.21943
-0.32973 0.33453 0.24165 0.21841 -0.61912 -0.35978 0.24910 0.04095 0.29151 0.23770
-0.28478 0.25626 0.05257 -0.23776 -0.49565 0.10810 0.16760 0.19186 -0.00005 0.06739
-0.10265 0.24946 -0.35758 -0.16731 0.23697 -0.26212 -0.21229 0.15836 0.12146 0.32736
-0.31429 -0.10511 0.06364 -0.18780 -0.33849 0.17713 -0.18701 0.48362 0.21848 -0.02500
-0.13970 0.38034 -0.06852 -0.45347 -0.19748 -0.08127 0.21170 0.40712 0.06703 -0.45539
0.41265 0.38531 -0.19327 -0.19676 0.34672 -0.23206 -0.07228 -0.15262 0.22076 -0.51764
0.37774 -0.13456 0.05417 -0.17115 -0.29563 -0.36237 0.26856 -0.08077 0.08464 0.14874
0.10307 0.04871 -0.37168 -0.16319 0.34436 0.46008 0.01864 0.09228 -0.04025 -0.37437
0.09184 0.34207 -0.44399 0.33143 -0.19971 0.33196 -0.14874 -0.25511 -0.17837 0.28297
-0.25957 0.04795 -0.39119 0.40943 0.05741 -0.16689 -0.21366 0.08538 0.25890 0.02552
-0.11674 -0.20123 -0.35780 0.17820 -0.42318 0.55336 0.30161 0.38274 -0.13079 -0.37556
-0.09218 0.35522 -0.11790 -0.22027 0.16272 0.19972 -0.30699 0.10390 -0.11990 -0.09928
-0.09172 0.35160 -0.16867 -0.34709 0.00247 0.37657 0.21835 -0.16145 -0.12111 0.05544
-0.46815 0.44516 0.38668 -0.45424 0.06391 -0.37330 0.14039 0.46241 0.11993 -0.09327
0.36532 0.45179 -0.36923 -0.41634 -0.40113 -0.10435 -0.01589 -0.06664 0.28730 -0.00085
-0.18394 -0.07992 -0.35924 0.36670 0.31130 0.07373 -0.26812 -0.12261 0.32882 -0.11671
-0.26281 0.04693 -0.26357 -0.28274 0.05117 0.05810 -0.04641 0.25978 0.34972 0.22408
0.27897 -0.13767 0.14626 0.41904 -0.37815 -0.01835 -0.52003 0.35967 -0.18608 0.14799
-0.11692 -0.06187 -0.11317 0.14812 -0.21117 -0.19709 -0.13322 0.54695 0.36577 -0.12582
0.57581 -0.23186 -0.06583 0.20352 -0.12923 -0.27083 0.28927 -0.06038 -0.05950 -0.31451
0.07011 0.21243 0.36301 -0.45558 -0.21822 -0.07394 -0.25739 0.43192 -0.20901 0.19394
0.21269 -0.42457 0.05046 -0.18051 -0.01223 0.00115 0.32706 0.15247 0.38317 -0.28054
0.13782 -0.03020 -0.08357 0.34222 -0.25480 -0.16099 0.07191 -0.32698 0.47973 -0.38195
-0.12991 0.07740 -0.33395 -0.32177 0.06488 0.49486 -0.32458 0.09890 0.46075 0.17075
-0.16852 0.31191 -0.30611 0.02396 -0.34522 -0.08834 0.11241 0.11276 0.23228 0.06586
0.20088 -0.33710 -0.46692 0.17701 0.35481 -0.29960 0.16346 0.42859 0.19854 -0.31477
-0.07031 0.28226 -0.26590 0.27694 0.20903 -0.42007 0.03015 -0.42352 0.09806 -0.05601
-0.32307 -0.18467 -0.16596 0.17529 0.40509 0.09489 0.28913 -0.29934 0.23365 0.26267
0.46612 -0.03303 -0.14098 -0.33231 -0.16764 0.35280 -0.31117 0.27555 -0.42865 0.50067
-0.19310 -0.29266 -0.36303 0.10592 0.35872 0.18176 0.40448 -0.19306 0.01910 0.00769
-0.56997 0.31467 -0.06583 0.18967 -0.31046 -0.43037 -0.08810 0.30891 0.28125 -0.17147
-0.45160 -0.02417 0.21892 0.05590 0.34050 0.36988 0.21873 -0.19076 -0.48716 0.19321
-0.00320 0.25287 -0.22625 0.09787 -0.12492 -0.41847 -0.06930 0.25079 0.07990 0.01202
-0.14369 -0.21647 -0.50592 0.09160 -0.01830 0.05208 0.19475 0.39531 -0.32260 0.08831
0.45889 -0.05178 0.38636 0.07639 -0.32858 -0.14009 -0.23943 -0.07487 -0.22587 -0.28717
0.40829 -0.08700 0.41791 0.54669 -0.33433 -0.15094 -0.35735 -0.11055 -0.39466 -0.22668
0.16195 0.52209 -0.40356 -0.20732 0.05008 0.21048 -0.19462 -0.35743 -0.14887 0.08172
-0.06781 0.16042 -0.19934 0.06425 0.02878 -0.16820 -0.35585 0.21635 0.36099 0.16385
0.19553 -0.21141 -0.05350 -0.16689 -0.15992 0.24008 0.20013 0.36919 -0.26047 -0.19659
-0.40593 -0.30216 0.16693 0.54552 -0.33730 0.30247 0.44684 -0.33471 0.02431 -0.22238
-0.36817 0.10442 0.10778 0.16814 0.04104 0.14421 -0.00659 -0.34816 0.42290 -0.33353
